(Bsu:0.10060,(Bpu:0.24693,(((((Ban:0.00251,Bth:0.00021):0.02721,
Bce:0.01425):0.00796,Bwe:0.03979):0.35481,Bha:0.34579):0.06996,
Bli:0.17601):0.00844):0.04394,Bam:0.10458);
