(Bsu:0.23155,((((((Ban:0.00001,Bth:0.00000):0.06850,Bce:0.06329):0.01702,
Bwe:0.05336):0.61769,Bha:0.80871):0.21221,Bpu:0.46099):0.04350,
Bli:0.37343):0.06990,Bam:0.22600);
