((((((Ban:0.00000,Bth:0.00001):0.00632,(Bce:0.00889,Bwe:0.00682):0.00153):0.30888,
Bha:0.12238):0.02441,Bpu:0.04056):0.01448,Bsu:0.02648):0.00958,
Bli:0.04650,Bam:0.02598);
