(Bsu:0.12744,(((((Ban:0.01655,(Bce:0.00001,Bth:0.00000):0.00129):0.01387,
Bwe:0.03473):0.81929,Bha:0.82951):0.35936,Bli:0.09562):0.02898,
Bpu:0.23224):0.03562,Bam:0.10365);
