(Bsu:0.23895,((((((Ban:0.00001,Bth:0.00000):0.03692,Bce:0.03961):0.05599,
Bwe:0.09778):1.01456,Bha:0.48466):0.20199,Bpu:0.35111):0.09041,
Bli:0.34458):0.03454,Bam:0.17513);
