(((((((Ban:-0.00655,Bth:0.02114):0.00837,Bce:-0.00292):0.01343,
Bwe:0.01734):0.04692,Bha:0.11662):0.03168,Bli:0.01676):0.00918,
Bpu:0.01094):0.00541,Bsu:0.01158,Bam:0.00984);
