(((((Ban:0.32305,Bha:0.30367):0.01205,((Bce:0.01769,Bth:0.01388):0.00520,
Bwe:0.02038):0.33181):0.19086,Bpu:0.12733):0.03006,Bli:0.08170):0.01360,
Bsu:0.04602,Bam:0.04608);
