(Bsu:0.03626,(Bli:0.12305,(((((Ban:0.00000,Bth:0.00001):0.02790,
Bce:0.02756):0.01511,Bwe:0.02075):0.33721,Bha:0.14369):0.06593,
Bpu:0.07282):0.01923):0.02961,Bam:0.08173);
