(((((((Ban:0.00001,Bth:0.00000):0.01146,Bce:0.02261):0.00858,
Bwe:0.03056):0.37093,Bha:0.50362):0.14223,Bpu:0.22729):0.08369,
Bli:0.13481):0.01219,Bsu:0.13417,Bam:0.15337);
