((((BA_1742xxx:0.00577,NT02BT1736:0.00815):0.57901,(NT02BT2426:0.10061,
KBAB4_2259:0.01619):0.86703):1.23945,((Bmo252xxxx:0.02334,
BG14148xxx:0.01975):0.09827,BPUM_0805x:0.15843):0.12382):0.03797,
((NT03BL3468:0.10110,BPUM_2904x:0.15972):0.03237,((BC_1031xxx:0.09946,
BG13484xxx:0.13624):0.02681,NT03BC0960:0.14847):0.08082):0.10211,BAM_020670:0.23883);
