(Bsu:0.14879,(Bli:0.22765,(((((Ban:0.00394,Bth:0.00495):0.12219,
Bce:0.12855):0.04610,Bwe:0.16625):0.36338,Bha:0.63483):0.23343,
Bpu:0.31344):0.01688):0.05871,Bam:0.18934);
