((((((Ban:0.00000,Bth:0.00001):0.00120,Bce:0.01442):0.01426,
Bwe:0.01722):0.11129,(Bha:0.18757,Bli:0.04111):0.02667):0.00745,
Bpu:0.06250):0.00477,Bsu:0.03096,Bam:0.03508);
