(Bsu:0.06538,(Bli:0.11379,((((Ban:0.00228,Bth:0.00276):0.01407,
Bwe:0.01486):0.19611,(Bce:0.68849,Bha:0.32559):0.05295):0.08084,
Bpu:0.14926):0.01357):0.05251,Bam:0.09703);
