(Bsu:0.03622,(Bli:0.08245,(((((Ban:0.00000,Bth:0.00001):0.01292,
Bce:0.00658):0.00527,Bwe:0.01114):0.17001,Bha:0.30903):0.03371,
Bpu:0.12820):0.00854):0.03840,Bam:0.04180);
