(Bsu:0.08368,(Bpu:0.18082,(((((Ban:0.00301,Bth:0.00070):0.02024,
Bce:0.01808):0.03112,Bwe:0.04794):0.36108,Bha:0.22073):0.09023,
Bli:0.15836):0.00653):0.05091,Bam:0.10639);
