(Bsu:0.06475,(Bli:0.14358,(((((Ban:0.00000,Bth:0.00001):0.02235,
Bce:0.02022):0.00872,Bwe:0.05401):0.25373,Bha:0.44820):0.16043,
Bpu:0.18035):0.00311):0.02843,Bam:0.09174);
