((((((Ban:0.00903,Bth:-0.00319):0.01356,Bce:0.01632):0.00671,
Bwe:0.01404):0.26389,Bha:0.24377):0.14012,(Bpu:0.07259,Bsu:0.03452):0.02282):0.00556,
Bli:0.05240,Bam:0.04527);
