(Bsu:0.06398,(Bli:0.10015,(((((Ban:0.00363,Bth:0.00287):0.00301,
Bce:0.00690):0.00750,Bwe:0.01222):0.25143,Bha:0.18682):0.03947,
Bpu:0.14404):0.02243):0.02353,Bam:0.08278);
