(((((((Ban:-0.03232,Bth:0.04738):0.05126,Bce:0.09945):0.09516,
Bwe:0.14598):1.04184,Bha:0.33636):0.15667,Bpu:0.28978):0.03070,
Bli:0.21956):0.02880,Bsu:0.08903,Bam:0.20949);
