((((((Ban:0.00418,Bth:0.00166):0.00219,Bce:0.00660):0.00321,
Bwe:0.01735):0.08033,Bha:0.15040):0.04279,(Bli:0.00569,Bpu:0.01782):0.00915):0.00869,
Bsu:0.00386,Bam:0.00780);
