(Bsu:0.02762,(((((Ban:0.00000,Bth:0.00001):0.00559,(Bce:0.02052,
Bwe:0.00681):0.00099):0.14678,Bha:0.13762):0.01404,Bpu:0.08071):0.01394,
Bli:0.08107):0.02642,Bam:0.03332);
