(((((((Ban:0.01399,Bth:0.00632):0.01124,Bce:0.00911):0.01907,
Bwe:0.01523):0.66303,Bha:0.38766):0.23716,Bpu:0.25500):0.05566,
Bli:0.22764):0.04425,Bsu:0.11491,Bam:0.13478);
