(((((((Ban:0.00087,Bth:0.00353):0.02728,Bwe:0.05605):0.01257,
Bce:0.04656):0.53895,Bha:0.36951):0.07533,Bpu:0.33706):0.07794,
Bli:0.24057):0.06362,Bsu:0.19136,Bam:0.23843);
