(Bsu:0.07800,(Bli:0.12429,(((((Ban:0.00001,Bth:0.00000):0.03002,
Bce:0.03479):0.01281,Bwe:0.02103):0.41439,Bha:0.37110):0.11794,
Bpu:0.23271):0.01293):0.04934,Bam:0.07028);
