(Bsu:0.05110,(((((Ban:0.02765,(Bce:0.03937,Bwe:0.03087):0.00627):0.01202,
Bth:0.00901):1.20207,Bha:0.30605):0.23561,Bli:0.18933):0.02994,
Bpu:0.16036):0.15124,Bam:0.04093);
