(Bsu:0.21217,(Bha:1.14273,(((((Ban:0.00001,Bth:0.00000):0.01002,
Bce:0.00860):0.01881,Bwe:0.01910):0.50005,Bli:0.31685):0.04756,
Bpu:0.52145):0.02934):0.07512,Bam:0.21575);
