(Bsu:0.02104,((((((Ban:0.00000,Bth:0.00001):0.02947,Bce:0.01314):0.07316,
Bwe:0.09601):0.20049,Bha:0.36427):0.17494,Bli:0.06352):0.01146,
Bpu:0.05309):0.06703,Bam:0.02277);
