(Bsu:0.35136,(((((Ban:0.00001,Bth:0.00000):0.09251,Bwe:0.10227):0.02923,
Bce:0.10698):0.67929,(Bha:0.70979,Bpu:0.62742):0.11899):0.05834,
Bli:0.35744):0.05900,Bam:0.35039);
