(Bsu:0.06958,((((((Ban:0.03019,Bwe:0.02797):0.00920,Bce:0.04047):0.31737,
Bth:0.30676):0.03475,Bha:0.25940):0.08797,Bpu:0.23345):0.06337,
Bli:0.15572):0.03639,Bam:0.07921);
