(Bsu:0.15119,(Bli:0.35627,(((((Ban:0.05451,Bth:0.06377):0.01361,
Bwe:0.06846):0.47087,Bce:0.58525):0.09692,Bha:1.04487):0.31339,
Bpu:0.34072):0.02208):0.17685,Bam:0.16434);
