(Bsu:0.09467,((((Ban:-0.01904,((Bce:0.01646,Bth:0.01202):0.01389,
Bwe:0.03516):0.02214):0.24918,Bha:0.43523):0.10193,Bpu:0.16600):0.01212,
Bli:0.11546):0.01819,Bam:0.10903);
