(((((((Ban:-0.01107,Bth:0.01609):0.08239,Bce:0.02151):0.07020,
Bwe:0.13447):0.95327,Bha:0.39734):0.19169,Bli:0.23285):0.07184,
Bpu:0.22673):0.03121,Bsu:0.17514,Bam:0.26283);
