(Bsu:0.18489,((((((Ban:0.00001,Bth:0.00000):1.02980,Bha:1.00825):0.25582,
Bwe:1.00203):0.14723,Bce:0.56436):0.20611,Bpu:0.53034):0.05926,
Bli:0.36995):0.16861,Bam:0.23516);
