(Bsu:0.18813,(((((Ban:0.00001,Bth:0.00000):0.05911,Bce:0.06742):0.02630,
Bwe:0.08216):0.36615,(Bha:0.51593,Bpu:0.43626):0.07019):0.05826,
Bli:0.26561):0.11790,Bam:0.25670);
