(((((((Ban:0.00777,Bth:0.00731):0.06465,Bce:0.08511):0.09475,
Bwe:0.18052):0.32673,Bha:0.51794):0.06199,Bsu:0.13145):0.02084,
Bli:0.33296):0.00427,Bpu:0.33830,Bam:0.28244);
