(Bsu:0.08247,(Bli:0.53850,(((((Ban:0.00001,Bce:0.00000):0.00000,
Bth:0.00000):0.00885,Bwe:0.01663):1.36396,Bha:0.75651):0.41360,
Bpu:0.13125):0.04111):0.07428,Bam:0.15075);
