(((((Ban:0.00000,Bth:0.00001):0.00288,Bce:0.00152):0.00292,
Bwe:0.02384):0.14689,Bha:0.10877):0.08087,(Bli:0.02938,(Bpu:0.04745,
Bsu:0.03927):0.00792):0.01293,Bam:0.04416);
