(((((((Ban:0.00578,Bth:0.00826):0.01094,Bce:0.01732):0.00392,
Bwe:0.03084):0.40171,Bha:0.23185):0.08921,Bpu:0.18860):0.05330,
Bli:0.10281):0.02497,Bsu:0.08306,Bam:0.11452);
