(Bsu:0.01321,((((((Ban:0.00185,Bth:-0.00009):0.00318,Bce:0.00391):0.00275,
Bwe:0.00967):0.06119,Bha:0.06884):0.02860,Bpu:0.03283):0.00204,
Bli:0.02186):0.00878,Bam:0.00807);
