(Bsu:0.11413,((((((Ban:0.01089,Bth:-0.00008):0.09767,Bwe:0.03691):0.01725,
Bce:0.11154):0.85378,Bha:0.49311):0.07169,Bli:0.21210):0.04393,
Bpu:0.26134):0.12751,Bam:0.15699);
