(Bsu:0.04641,((((((Ban:0.00119,Bth:0.00468):0.02010,Bce:0.01580):0.01486,
Bwe:0.03514):0.31258,Bha:0.38190):0.06433,Bli:0.17381):0.01710,
Bpu:0.12558):0.05206,Bam:0.11696);
