(Bsu:0.10251,(Bli:0.15349,(((((Ban:0.00065,Bth:0.00133):0.01498,
Bce:0.01745):0.00418,Bwe:0.01867):0.26710,Bha:0.89922):0.11129,
Bpu:0.18884):0.01742):0.02265,Bam:0.09817);
