(Bsu:0.07431,((((((Ban:0.00000,Bth:0.00001):0.00638,Bce:0.00598):0.01889,
Bwe:0.02971):0.23239,Bha:0.38711):0.09814,Bpu:0.11344):0.02218,
Bli:0.08842):0.02471,Bam:0.07003);
