(((((BG10663xxx:100.0,(((BA_2360xxx:100.0,NT02BT2309:100.0):100.0,BC_2296xxx:100.0):77.0,
KBAB4_2167:100.0):100.0):53.0,BH2776xxxx:100.0):100.0,((BG13088xxx:100.0,
Bmo1955xxx:100.0):100.0,BAM_010820:100.0):63.0):64.0,BPUM_0996x:100.0):100.0,
NT03BL1227:100.0);
((((((BA_2360xxx:0.00746,NT02BT2309:-0.00169):0.04700,BC_2296xxx:0.03047):0.01879,
KBAB4_2167:0.05855):0.95303,BG10663xxx:1.17784):0.13801,
BH2776xxxx:1.62182):0.48426,((NT03BL1227:0.36312,BPUM_0996x:0.51305):0.05951,
(Bmo1955xxx:0.09191,BG13088xxx:0.07972):0.13805):0.04450,BAM_010820:0.24117);
