(((((((Ban:0.00001,Bth:0.00000):-0.00000,Bce:0.00001):0.00639,
Bwe:0.01107):0.09797,Bha:0.04967):0.02147,Bli:0.02161):0.00883,
Bpu:0.02747):0.00297,Bsu:0.01210,Bam:0.01794);
