(Bsu:0.04822,((((((Ban:0.00127,Bth:0.00392):0.00392,Bce:0.00917):0.02025,
Bwe:0.03045):0.27284,Bha:0.29467):0.15965,Bli:0.08954):0.00982,
Bpu:0.10917):0.03320,Bam:0.06495);
