(Bsu:0.04165,((((((Ban:0.00001,Bth:0.00000):0.08690,Bce:0.11571):0.05211,
Bwe:0.14605):0.24538,Bha:0.34132):0.16950,Bli:0.06607):0.03093,
Bpu:0.04156):0.04156,Bam:0.03241);
