(Bsu:0.10612,(Bpu:0.23621,(((((Ban:0.00101,Bth:0.00335):0.04043,
Bce:0.02268):0.04276,Bwe:0.08200):0.27786,Bha:0.33930):0.03565,
Bli:0.22431):0.03697):0.09615,Bam:0.07262);
