(Bsu:0.00301,((((((Ban:-0.00361,Bwe:0.00938):0.00453,Bth:-0.00166):0.01461,
Bce:0.00948):0.16439,Bha:0.16569):0.09351,Bli:0.04354):0.01732,
Bpu:0.05626):0.00771,Bam:0.00869);
