(Bsu:0.01494,(Bli:0.02409,(((((Ban:0.00000,Bth:0.00001):0.01698,
Bwe:0.01356):0.00223,Bce:0.00722):0.12662,Bha:0.07467):0.03822,
Bpu:0.02911):0.00345):0.01253,Bam:0.01309);
