(((((((Ban:0.00001,Bth:0.00000):0.01806,Bce:0.00243):0.01395,
Bwe:0.05411):0.38352,Bha:0.29213):0.12074,Bli:0.25232):0.03088,
Bpu:0.24546):0.02076,Bsu:0.19661,Bam:0.19615);
