(Bsu:0.06123,(Bli:0.11816,((((Ban:0.00150,Bth:0.00068):0.02739,
Bwe:0.02725):0.16849,(Bce:0.69247,Bha:0.23861):0.03282):0.06645,
Bpu:0.14166):0.01242):0.04528,Bam:0.09777);
