(Bsu:0.33305,(((((Ban:0.00965,Bth:0.00180):0.06507,Bce:0.03039):0.01068,
Bwe:0.05745):0.43016,(Bha:1.08712,Bpu:0.51190):0.07061):0.06355,
Bli:0.48501):0.07629,Bam:0.31055);
