(Bsu:0.02320,((((((Ban:0.00228,Bth:0.00170):0.00134,Bce:0.00265):0.00605,
Bwe:0.01405):1.00184,Bha:0.17669):0.08160,Bpu:0.06542):0.00881,
Bli:0.05350):0.02883,Bam:0.04773);
