(((((Ban:0.00000,Bth:0.00001):-0.00000,Bwe:0.00001):0.00267,
Bce:0.00815):0.08786,Bha:0.20077):0.03679,((Bli:0.02721,
Bsu:0.04060):0.00462,Bpu:0.05284):0.01098,Bam:0.08218);
