(Bsu:0.13860,((((((Ban:0.00129,Bth:0.00090):0.07923,Bwe:0.08684):0.25768,
Bce:0.32878):0.27867,Bha:0.52754):0.22335,Bli:0.20848):0.03679,
Bpu:0.23353):0.06570,Bam:0.15237);
