(Bsu:0.09503,(Bli:0.16460,(((((Ban:0.00716,Bth:0.00418):0.01909,
Bce:0.05722):0.03580,Bwe:0.04961):0.44460,Bha:0.36247):0.16449,
Bpu:0.20015):0.03221):0.07167,Bam:0.08402);
