((((((Ban:-0.00971,(Bce:0.04507,Bth:0.01970):0.00941):0.03324,
Bwe:0.12915):0.46668,Bha:0.47533):0.20725,Bpu:0.41406):0.09141,
Bli:0.45792):0.03045,Bsu:0.34833,Bam:0.31568);
