(((((Ban:-0.00031,Bth:0.00332):0.00019,Bce:-0.00018):0.00156,
Bwe:0.00447):0.10793,Bha:0.26434):0.08319,((Bli:0.04030,
Bsu:0.03023):0.00065,Bpu:0.06739):0.00652,Bam:0.03481);
