(Bsu:0.03371,(Bli:0.04281,(((((Ban:0.00000,Bth:0.00001):0.00509,
Bce:0.00344):0.00444,Bwe:0.01270):0.39515,Bha:0.31314):0.11451,
Bpu:0.07084):0.00874):0.02029,Bam:0.01200);
