(Bsu:0.09431,(Bli:0.16529,(((((Ban:0.00241,Bth:0.00579):0.00131,
Bce:0.00418):0.00636,Bwe:0.01432):0.36978,Bha:0.43398):0.08599,
Bpu:0.20355):0.03121):0.04343,Bam:0.09583);
