(Bsu:0.02252,(Bpu:0.04478,(((((Ban:0.00179,Bce:0.00285):0.00271,
Bwe:0.01357):0.00239,Bth:0.00804):0.17637,Bha:0.19041):0.08066,
Bli:0.03725):0.00968):0.02492,Bam:0.03362);
