(Bsu:0.01629,((((((Ban:0.00000,Bth:0.00001):0.00160,Bce:0.01507):0.00353,
Bwe:0.00478):0.15514,Bha:0.19006):0.03832,Bli:-0.02058):0.01552,
Bpu:0.05865):0.01319,Bam:0.02908);
