(((((((Ban:0.00001,Bth:0.00000):0.00178,Bce:0.03049):0.01290,
Bwe:0.06434):0.75876,Bha:0.92212):0.19100,Bpu:0.61359):0.06385,
Bli:0.38428):0.03198,Bsu:0.33203,Bam:0.37488);
