(Bsu:0.02722,((((((Ban:0.00545,Bth:-0.00078):0.01600,Bce:0.01229):0.01659,
Bwe:0.04071):0.51534,Bha:0.16521):0.01964,Bli:0.12080):0.01866,
Bpu:0.12458):0.04916,Bam:0.03629);
