(Bsu:0.32159,(Bli:0.51090,(((((Ban:0.00406,Bth:0.00475):0.10007,
Bwe:0.08227):0.02765,Bce:0.13664):0.58904,Bha:0.47372):0.11029,
Bpu:0.88541):0.14188):0.12083,Bam:0.29046);
