(Bpu:0.15482,(((((Ban:0.24883,Bce:0.38166):0.14604,(Bth:0.02500,
Bwe:-0.00159):0.45285):0.01550,Bha:0.14917):0.24919,Bsu:0.07640):0.08974,
Bli:0.07205):0.05177,Bam:0.12693);
