(Bsu:0.16556,((((Ban:0.00192,Bth:0.00599):0.01987,(Bce:0.01261,
Bwe:0.01918):0.00848):0.34354,(Bha:0.38568,Bli:0.23796):0.06513):0.03261,
Bpu:0.26962):0.06543,Bam:0.13718);
