(((((Ban:0.00336,Bce:-0.00335):0.00195,Bth:-0.00195):0.00798,
Bwe:0.00955):0.10299,Bha:0.24619):0.06794,((Bli:0.11144,
Bpu:0.08232):0.00969,Bsu:0.05400):0.01333,Bam:0.04333);
