(Bpu:0.05976,((((((Ban:0.00000,Bce:0.00001):-0.00000,Bth:0.00001):0.00202,
Bwe:0.00515):0.16085,Bha:0.14064):0.04521,Bli:0.03788):0.00923,
Bsu:0.19487):0.00693,Bam:0.04844);
