(Bsu:0.11845,(((((Ban:0.00411,Bth:0.01839):0.02892,(Bce:0.06184,
Bwe:0.06664):0.01171):0.61325,Bha:0.52980):0.10136,Bli:0.25594):0.02725,
Bpu:0.30154):0.10087,Bam:0.18482);
