(Bli:0.03718,((((((Ban:0.00176,Bth:0.00424):0.00242,Bwe:0.00962):0.12805,
Bce:1.18239):0.06878,Bha:0.14622):0.06793,Bpu:0.06457):0.01396,
Bsu:0.03025):0.00610,Bam:0.04236);
