(Bsu:0.05460,((((Ban:0.00631,Bth:0.00101):0.02898,(Bce:0.03998,
Bwe:0.03071):0.00699):1.28364,Bha:0.31112):0.10278,(Bli:0.11211,
Bpu:0.12573):0.00763):0.03634,Bam:0.06572);
