(Bsu:0.03079,((((((Ban:0.00495,Bth:0.00677):0.00942,Bce:0.01044):0.00694,
Bwe:0.02546):0.12596,Bha:0.17953):0.05135,Bli:0.01117):0.01587,
Bpu:0.09233):0.01027,Bam:0.06666);
