(Bsu:0.15865,(Bpu:0.24300,(((((Ban:0.00896,Bth:-0.00207):0.03427,
Bce:0.04904):0.02388,Bwe:0.04847):0.51503,Bha:0.57384):0.28102,
Bli:0.22859):0.04287):0.04877,Bam:0.16741);
