(Bsu:0.17014,(Bli:0.14437,(((((Ban:0.00220,Bth:0.00262):0.01400,
Bce:0.00056):0.01146,Bwe:0.05014):0.38324,Bha:0.35830):0.12179,
Bpu:0.31856):0.01195):0.05916,Bam:0.18690);
