(((((((Ban:-0.00195,Bth:0.00196):0.00114,Bce:-0.00114):0.00710,
Bwe:0.01228):0.11143,Bha:0.10910):0.07115,Bpu:0.02874):0.00585,
Bli:0.03326):0.00220,Bsu:0.02027,Bam:0.01886);
