(Bsu:0.21339,(Bli:0.25075,(((((Ban:0.00811,Bth:0.00466):0.06112,
Bce:0.06234):0.01258,Bwe:0.06549):0.40273,Bha:0.59757):0.11656,
Bpu:0.35000):0.05761):0.07201,Bam:0.23744);
