(Bsu:0.08513,(Bli:0.20913,(((((Ban:0.00371,Bth:0.01084):0.04075,
Bce:0.03332):0.03531,Bwe:0.05869):0.27992,Bha:0.27665):0.03360,
Bpu:0.32401):0.04704):0.10581,Bam:0.10427);
