(Bsu:0.27260,((((((Ban:0.00641,Bth:-0.00087):0.03341,Bwe:0.04619):0.00324,
Bce:0.02182):1.10581,Bha:1.44869):0.36874,Bli:0.45395):0.02597,
Bpu:0.94617):0.10453,Bam:0.39026);
