(Bsu:0.05585,(Bli:0.10747,((((Ban:0.00402,Bth:0.00090):0.02215,
Bwe:0.02587):0.21620,(Bce:0.98646,Bha:0.30049):0.03143):0.12356,
Bpu:0.15170):0.02369):0.03311,Bam:0.07703);
