(Bsu:0.02506,((((((Ban:0.00474,Bth:0.00134):0.01032,Bce:0.01137):0.00955,
Bwe:0.01824):0.14927,Bha:0.16873):0.09395,Bli:0.06803):0.00290,
Bpu:0.05543):0.02250,Bam:0.03027);
