(((((BA_3179xxx:0.05127,NT02BT3151:0.02750):0.02512,BC_3136xxx:0.04354):0.25466,
BPUM_2723x:0.19226):0.08098,NT03BL3511:0.31388):0.03225,
BG13822xxx:0.20912,BAM_027830:0.16697);
