(Bsu:0.04349,((((((Ban:-0.04140,Bth:0.04141):0.02868,Bce:-0.01187):0.03594,
Bwe:-0.01011):0.27295,Bha:0.48040):0.05677,Bpu:0.21700):0.01142,
Bli:0.18968):0.07069,Bam:0.06217);
