(Bpu:0.07457,((((((Ban:0.00001,Bth:0.00000):0.01462,Bwe:0.02934):0.03831,
Bce:0.04423):0.43057,Bha:0.53497):0.28418,Bsu:0.10039):0.02605,
Bli:0.08304):0.01754,Bam:0.06700);
