((((Ban:0.11628,Bth:0.19247):0.04441,(Bce:0.05341,Bwe:0.09284):0.19628):0.45253,
Bha:0.24894):0.09096,((Bli:0.06258,Bpu:0.09404):0.00847,
Bsu:0.09912):0.13306,Bam:0.17544);
