(Bsu:0.13701,((((((Ban:0.00001,Bce:0.00000):0.00000,Bth:0.00000):0.01726,
Bwe:0.01925):0.50789,Bha:0.41066):0.17001,Bpu:0.20320):0.03425,
Bli:0.07180):0.08317,Bam:0.01621);
