(Bsu:0.06791,(((((Ban:0.00335,(Bce:0.00090,Bth:0.00185):0.00768):0.00556,
Bwe:0.01520):1.02084,Bha:0.27464):0.04062,Bpu:0.29202):0.01938,
Bli:0.23610):0.08733,Bam:0.10283);
