(((((((BA_4692xxx:0.00946,NT02BT4452:-0.00013):0.01091,BC_4467xxx:0.04176):0.02179,
KBAB4_4305:0.05313):0.52345,(NT03BC2990:0.53319,BH3042xxxx:0.49127):0.39418):0.21861,
NT03BL3125:0.51592):0.04523,BG10346xxx:0.42041):0.03520,
BPUM_2452x:0.41016,BAM_025170:0.43323);
