    6
BAM_007940  0.000000  2.362721  2.362721  0.488380  2.440273  2.362721
BA_2250xxx  2.362721  0.000000  0.000010  1.983522  2.406702  0.000010
BC_2203xxx  2.362721  0.000010  0.000000  1.983522  2.406702  0.000010
BG12167xxx  0.488380  1.983522  1.983522  0.000000  2.101062  1.983522
BG13526xxx  2.440273  2.406702  2.406702  2.101062  0.000000  2.406702
NT02BT2207  2.362721  0.000010  0.000010  1.983522  2.406702  0.000000
