(Bsu:0.07097,(Bli:0.27372,((((Ban:0.02968,Bth:-0.00044):0.34133,
Bha:0.35932):0.04357,(Bce:0.02760,Bwe:0.01817):0.92007):0.06651,
Bpu:0.25902):0.02076):0.12627,Bam:0.10606);
