(Bsu:0.02076,((((((Ban:0.00388,Bth:0.00161):0.00276,Bwe:0.01383):0.10958,
Bce:0.10403):0.05628,Bha:0.12736):0.07799,Bpu:0.06106):0.01031,
Bli:0.03783):0.02168,Bam:0.02737);
