(Bli:0.00664,((((((Ban:0.00000,Bth:0.00001):0.00136,Bwe:0.00717):0.11571,
Bce:0.92696):0.01530,Bha:0.11705):0.10709,Bsu:0.01588):0.01187,
Bpu:0.01188):0.00092,Bam:0.01251);
