(((((((Ban:0.00474,Bth:0.00143):0.01895,Bce:0.01235):0.00646,
Bwe:0.01729):0.29807,Bha:0.29648):0.06708,Bpu:0.15111):0.04992,
Bli:0.10385):0.03743,Bsu:0.03606,Bam:0.07026);
