(Bpu:0.05450,((((((Ban:0.00411,Bth:0.00048):0.03550,Bce:0.00662):0.01551,
Bwe:0.02364):0.81318,Bha:0.13654):0.06413,Bli:0.04330):0.05412,
Bsu:0.02185):0.00703,Bam:0.03812);
