(Bsu:0.02657,(Bpu:0.08066,(((((Ban:0.00421,Bth:0.00339):0.01397,
Bce:0.01284):0.00525,Bwe:0.01438):0.49837,Bha:0.34792):0.13374,
Bli:0.08073):0.00392):0.02772,Bam:0.05083);
