(Bli:0.01201,((((((Ban:-0.00736,Bce:0.00737):0.00429,Bth:-0.00429):0.08970,
Bha:0.06702):0.13693,Bwe:0.12905):0.03914,Bpu:0.04951):0.00488,
Bsu:0.01477):0.01619,Bam:0.00296);
