((Bmo2616xxx:0.02696,BG10106xxx:0.02541):0.01597,((((((BA_0040xxx:0.00000,
NT02BT0050:0.00001):0.00463,BC_0047xxx:0.00581):0.01439,
KBAB4_0037:0.01562):0.25192,(NT03BC0085:0.28435,BH0058xxxx:0.23012):0.14031):0.18066,
NT03BL0059:0.14970):0.01710,BPUM_0027x:0.13883):0.04722,BAM_000520:0.04488);
