(Bsu:0.03004,(((((Ban:0.00001,Bth:0.00000):0.01158,(Bce:0.00321,
Bwe:0.02463):0.00558):1.10353,Bha:0.26701):0.10043,Bli:0.05817):0.01807,
Bpu:0.11362):0.05951,Bam:0.04327);
