(Bsu:0.05587,((((((Ban:0.02708,Bth:0.00378):0.06827,Bce:0.05446):0.11181,
Bwe:0.16580):1.16242,Bha:0.36418):0.10518,Bpu:0.12553):0.01936,
Bli:0.12297):0.02690,Bam:0.12231);
