(Bsu:0.00001,((((((Ban:0.00000,Bth:0.00001):0.01168,Bce:-0.00033):0.02912,
Bwe:0.03032):0.32626,Bha:0.28615):0.05769,Bli:0.04363):0.00944,
Bpu:0.00547):0.01712,Bam:0.00000);
