(Bsu:0.04611,(Bli:0.11015,(((((Ban:0.00679,Bth:0.00277):0.01028,
Bce:0.01896):0.00235,Bwe:0.01890):0.35093,Bha:0.22935):0.15290,
Bpu:0.10180):0.00984):0.03197,Bam:0.07646);
