(Bsu:0.03811,((((((Ban:0.00125,Bth:0.00001):0.00640,Bce:0.00626):0.00801,
Bwe:0.01695):0.10732,Bha:0.12519):0.04124,Bpu:0.07662):0.01047,
Bli:0.06848):0.01558,Bam:0.05638);
