((((((Ban:-0.00252,Bth:0.00940):0.03873,(Bce:0.03814,Bwe:0.03675):0.01256):0.31748,
Bha:0.37561):0.11327,Bpu:0.50084):0.06913,Bli:0.24011):0.05983,
Bsu:0.15234,Bam:0.16119);
