(Bsu:0.07533,((((((Ban:0.00001,Bth:0.00000):0.02371,Bce:0.02318):0.00552,
Bwe:0.02639):0.89078,Bha:1.38844):0.52017,Bpu:0.16769):0.01418,
Bli:0.14915):0.03281,Bam:0.08514);
