(Bsu:0.00245,((((((Ban:0.00000,Bth:0.00001):0.00528,Bce:0.00222):0.00338,
Bwe:0.01561):0.11917,Bha:0.12807):0.04373,Bli:0.02662):0.01310,
Bpu:0.02956):0.01071,Bam:0.00507);
