((((((Ban:0.00001,Bth:0.00000):0.01106,Bce:0.02856):0.00712,
Bwe:0.03694):0.50726,Bha:1.28777):0.25091,(Bli:0.11370,Bpu:0.14118):0.03777):0.01574,
Bsu:0.06522,Bam:0.10219);
