(Bha:0.02787,(Bpu:-0.00003,(((((Ban:0.00001,Bce:0.00001):0.00000,
Bth:0.00001):0.00000,Bwe:0.00000):0.02762,Bli:-0.00004):0.00003,
Bsu:-0.00003):0.00003):0.00003,Bam:-0.00006);
