(Bsu:0.05683,((((((Ban:0.00052,Bth:0.00400):0.01511,Bwe:0.03258):0.00306,
Bce:0.02345):0.33201,Bha:0.22540):0.08918,Bpu:0.13923):0.01917,
Bli:0.11462):0.02704,Bam:0.06755);
