(Bsu:0.00001,(Bli:0.01378,(((((Ban:-0.00780,Bce:0.00781):0.00455,
Bth:-0.00455):0.00273,Bwe:-0.00273):0.29916,Bha:0.05014):0.12363,
Bpu:0.01165):0.00910):0.01725,Bam:0.00000);
