    6
BAM_019630  0.000000  1.390353  0.669906  1.088804  0.667854  1.745911
BH2839xxxx  1.390353  0.000000  1.308253  1.479391  1.371958  1.597437
Bmo2950xxx  0.669906  1.308253  0.000000  1.197208  0.196909  1.819509
BPUM_1897x  1.088804  1.479391  1.197208  0.000000  1.188430  1.870895
BG11194xxx  0.667854  1.371958  0.196909  1.188430  0.000000  1.685512
NT02BT3171  1.745911  1.597437  1.819509  1.870895  1.685512  0.000000
