(Bsu:0.08324,((((((Ban:0.00001,Bth:0.00000):0.04304,Bce:0.04383):0.00854,
Bwe:0.02912):0.34926,Bha:0.44803):0.21560,Bpu:0.19582):0.02141,
Bli:0.21455):0.07228,Bam:0.09147);
