(((((((Ban:0.00000,Bth:0.00001):0.00086,Bwe:0.00911):0.00451,
Bce:0.00891):0.11654,Bha:0.06197):0.04874,Bli:0.02522):0.00915,
Bpu:0.01529):0.00795,Bsu:0.00629,Bam:0.00030);
