(Bsu:0.10170,((((((Ban:0.00001,Bth:0.00000):0.02813,Bce:0.02002):0.01811,
Bwe:0.03693):0.68595,Bha:0.37889):0.17597,Bpu:0.17081):0.08030,
Bli:0.16810):0.07267,Bam:0.07529);
