(Bsu:0.11298,(Bli:0.21298,(((((Ban:0.00007,Bth:0.00985):0.05548,
Bwe:0.07603):0.03968,Bce:0.08040):0.52794,Bha:0.31457):0.12085,
Bpu:0.22792):0.02250):0.10622,Bam:0.10995);
