(Bsu:0.13069,((((((Ban:0.00059,Bth:0.00328):0.00769,Bce:0.00795):0.00965,
Bwe:0.02407):0.36778,Bha:0.48422):0.07513,Bli:0.24795):0.03617,
Bpu:0.23085):0.04618,Bam:0.11966);
