(((((((Ban:0.00680,Bth:0.00521):0.05044,Bce:0.07195):0.04963,
Bwe:0.08906):0.47724,Bha:0.61054):0.27359,Bpu:0.31646):0.11224,
Bli:0.19478):0.03117,Bsu:0.15474,Bam:0.21639);
