(Bsu:0.07120,((((((Ban:0.00001,Bth:0.00000):0.01562,Bce:0.01865):0.01488,
Bwe:0.02027):0.75807,Bha:0.23926):0.13033,Bpu:0.10394):0.01871,
Bli:0.08558):0.03497,Bam:0.04017);
