(((((((Ban:0.00000,Bth:0.00001):0.00300,Bce:0.00301):0.00212,
Bwe:0.00994):0.09864,Bha:0.15560):0.02519,Bsu:0.01559):0.00447,
Bli:0.01723):0.00278,Bpu:0.01971,Bam:0.03672);
