(Bsu:0.05036,(Bli:0.15132,(((((Ban:0.00448,Bth:0.00015):0.01032,
Bce:0.00616):0.01530,Bwe:0.03477):0.54983,Bha:0.39087):0.21884,
Bpu:0.09298):0.01317):0.04791,Bam:0.03221);
