(Bsu:0.12259,((((((Ban:0.01503,Bth:-0.00521):0.08801,Bce:0.05034):0.02135,
Bwe:0.12549):0.51681,Bha:0.67919):0.07224,Bpu:0.24705):0.00663,
Bli:0.16327):0.10181,Bam:0.16144);
