(Bsu:0.06708,(Bli:0.06732,(((((Ban:0.00218,Bth:0.00257):0.01996,
Bce:0.00470):0.00404,Bwe:0.02397):0.24398,Bha:0.19885):0.14633,
Bpu:0.11389):0.01791):0.02671,Bam:0.06172);
