(Bsu:0.11022,((((((Ban:-0.00133,Bth:0.00507):0.02769,Bce:0.01430):0.01610,
Bwe:0.03906):0.56549,Bha:0.59061):0.24770,Bpu:0.29154):0.03409,
Bli:0.19938):0.06648,Bam:0.12169);
