(BAM_006720:0.25976,(BAM_024890:1.48642,(NT03BC1076:0.55194,
((((BA_4207xxx:-0.15345,BC_3992xxx:0.18501):0.08526,NT02BT3978:-0.08525):0.11765,
KBAB4_3821:-0.05274):0.83328,(((BH1451xxxx:0.37928,BG13415xxx:0.52824):0.08531,
BPUM_1622x:0.50575):0.33418,((BA_0626xxx:0.30940,NT02BT0648:-0.21108):0.93114,
NT03BL2062:0.70780):0.09140):0.10084):0.20610):0.20987):2.45181,BAM_004870:0.43271);
