(((((((Ban:0.01138,Bth:0.00940):0.02348,Bwe:0.02482):0.02170,
Bce:0.05731):0.38772,Bha:0.57099):0.22589,Bpu:0.54088):0.05508,
Bli:0.47325):0.05401,Bsu:0.33219,Bam:0.36837);
