(Bpu:0.04986,(Bsu:0.07296,(((((Ban:0.01304,Bth:0.00296):0.00148,
Bce:0.01632):0.00331,Bwe:0.01123):0.60285,Bha:0.52972):0.31714,
Bli:0.06760):0.02106):0.03595,Bam:0.04984);
