(((((((Ban:0.00506,Bth:0.01473):0.01087,Bce:0.02443):0.03063,
Bwe:0.03501):0.41090,Bha:0.36629):0.16368,Bli:0.17031):0.05424,
Bpu:0.16977):0.03701,Bsu:0.12039,Bam:0.15957);
