(Bsu:0.05986,(Bli:0.10493,(((((Ban:0.00001,Bth:0.00000):0.01057,
Bce:0.01615):0.01414,Bwe:0.01960):0.41656,Bha:1.03558):0.21506,
Bpu:0.08767):0.02273):0.03425,Bam:0.06466);
