(Bpu:0.03500,(Bsu:0.01902,(((((Ban:0.00410,Bth:0.00076):0.00423,
Bwe:0.01214):0.00116,Bce:0.00574):0.08091,Bha:0.08552):0.03676,
Bli:0.02363):0.00421):0.00836,Bam:0.01278);
