(((BAM_033430:100.0,NT03BL2874:100.0):73.0,(((BH2346xxxx:100.0,NT03BL2347:100.0):100.0,
BPUM_3545x:100.0):76.0,(BG12512xxx:100.0,Bmo533xxxx:100.0):100.0):75.0):100.0,
NT03BL4304:100.0);
(NT03BL2874:0.32576,((((BH2346xxxx:1.31555,NT03BL2347:0.73551):0.87201,
BPUM_3545x:0.40964):0.17892,(Bmo533xxxx:0.08957,BG12512xxx:0.14050):0.36493):0.16528,
NT03BL4304:0.49165):0.08317,BAM_033430:0.31275);
