(Bsu:0.01881,(((((Ban:0.00000,Bth:0.00001):0.00555,(Bce:0.00503,
Bwe:0.00805):0.00226):0.12557,Bha:0.13389):0.04913,Bli:0.03923):0.00253,
Bpu:0.04362):0.01632,Bam:0.02406);
