((((((Ban:0.00000,Bth:0.00001):0.03181,Bwe:0.02748):0.00492,
Bce:0.02510):0.33354,(Bha:0.61812,Bli:0.12847):0.05545):0.07185,
Bpu:0.12077):0.04030,Bsu:0.01098,Bam:0.03236);
