(Bsu:0.01482,(((((Ban:-0.00252,(Bce:-0.00306,Bwe:0.02123):0.00864):0.00152,
Bth:-0.00151):0.12905,Bha:0.29723):0.05381,Bpu:0.05467):0.00872,
Bli:0.02258):0.00895,Bam:0.01613);
