(((((((Ban:0.00000,Bth:0.00001):0.03634,Bce:0.02664):0.00892,
Bwe:0.03714):0.14185,Bpu:0.17407):0.01927,Bha:0.33693):0.06881,
Bli:0.13332):0.00492,Bsu:0.06993,Bam:0.10638);
