(Bpu:0.18942,(((((Ban:0.00823,(Bce:0.01337,Bth:-0.00260):0.00781):0.00829,
Bwe:0.01954):0.89210,Bha:0.97144):0.46161,Bsu:0.17707):0.03163,
Bli:0.22850):0.00795,Bam:0.16002);
