(Bpu:0.03904,((((((Ban:0.00000,Bth:0.00001):0.00501,Bce:0.00291):0.00741,
Bwe:0.00054):0.13923,Bha:0.07708):0.04183,Bli:0.03356):0.00268,
Bsu:0.03178):0.00118,Bam:0.04655);
