(Bsu:0.11195,(Bli:0.12331,(((((Ban:0.00115,Bth:0.00154):0.01721,
Bce:0.02708):0.01293,Bwe:0.03108):0.33523,Bha:0.50354):0.13126,
Bpu:0.17281):0.01636):0.06141,Bam:0.11237);
