(Bsu:0.04874,(Bpu:0.07805,(((((Ban:0.00000,Bth:0.00001):0.00304,
Bce:0.03394):0.00629,Bwe:0.01185):0.17159,Bha:0.11964):0.03359,
Bli:0.06468):0.00316):0.01537,Bam:0.03535);
