((((Ban:0.14857,(Bce:0.03504,Bwe:0.05734):0.15587):0.12977,
Bth:0.38880):1.20976,Bha:0.76316):0.11442,((Bli:0.18703,
Bsu:0.22236):0.05762,Bpu:0.38407):0.05281,Bam:0.44586);
