((Bmo2321xxx:0.07231,BG12251xxx:0.08327):0.12728,((((BA_1663xxx:0.06133,
NT02BT1676:0.03550):1.44379,BC_4006xxx:1.18556):1.13647,
BPUM_1322x:0.67798):0.07717,NT03BL1720:0.37358):0.15719,BAM_014010:0.38047);
