(Bsu:0.06981,((((((Ban:0.00506,Bth:0.00924):0.01218,Bce:0.01661):0.00833,
Bwe:0.05209):0.13512,Bpu:0.14872):0.01712,Bha:0.28175):0.01322,
Bli:0.15894):0.01882,Bam:0.08949);
