(Bsu:0.08471,(((((Ban:0.00918,Bwe:0.02053):0.10431,(Bce:0.02673,
Bth:0.02340):0.09668):0.36492,Bha:0.29592):0.09471,Bpu:0.24073):0.03146,
Bli:0.22067):0.04137,Bam:0.12732);
