(((((((Ban:0.00328,Bth:0.00460):0.02803,Bce:0.03647):0.01330,
Bwe:0.03978):0.73935,Bha:0.61539):0.07053,Bpu:0.25614):0.10056,
Bli:0.23425):0.02854,Bsu:0.14320,Bam:0.13569);
