(Bsu:0.06380,(Bli:0.11888,(((((Ban:0.00001,Bth:0.00000):0.00245,
Bce:0.02367):0.02224,Bwe:0.02040):0.66336,Bha:0.30501):0.11090,
Bpu:0.20343):0.03998):0.07651,Bam:0.06548);
