(((((((Ban:0.00001,Bth:0.00000):0.00482,Bce:0.02538):0.02016,
Bwe:0.04471):0.40188,Bha:0.51924):0.24051,Bli:0.20304):0.03625,
Bpu:0.21628):0.01982,Bsu:0.13190,Bam:0.20964);
