(Bsu:0.05341,((((((Ban:0.01285,Bwe:0.01105):0.00727,Bce:0.02872):0.02235,
Bth:-0.02467):0.89098,Bha:0.21752):0.04901,Bli:0.17315):0.03732,
Bpu:0.20596):0.05790,Bam:0.06433);
