(Bsu:0.07296,(Bli:0.15029,(((((Ban:0.00837,Bth:0.00008):0.03272,
Bce:0.03394):0.01937,Bwe:0.07518):0.82402,Bha:0.38581):0.12207,
Bpu:0.28044):0.01275):0.10708,Bam:0.08074);
