((((((Ban:0.00126,(Bth:0.00053,Bwe:0.03073):0.00119):0.00289,
Bce:0.00366):0.38674,Bha:0.51055):0.15315,Bpu:0.13638):0.03490,
Bli:0.09008):0.02800,Bsu:0.06054,Bam:0.05578);
