(((((Ban:0.00001,Bth:0.00000):0.04397,Bce:0.04697):0.01988,
Bwe:0.01850):0.49840,Bha:0.61180):0.03515,(Bli:0.13664,(Bpu:0.21339,
Bsu:0.09921):0.01528):0.08434,Bam:0.17222);
