(Bsu:0.08425,((((Ban:0.01501,Bwe:0.07965):1.16819,((Bce:0.04734,
Bth:0.03158):0.60918,Bha:1.27236):0.20554):0.87540,Bpu:0.29848):0.13316,
Bli:0.53699):0.02769,Bam:0.17248);
