(Bsu:0.13605,((((((Ban:0.00017,Bth:0.00674):0.04158,Bce:0.00028):0.04031,
Bwe:0.01660):0.53460,Bha:0.74579):0.38532,Bpu:0.25615):0.08283,
Bli:0.15236):0.03538,Bam:0.16517);
