(Bsu:0.05487,((Bha:0.02367,Bli:0.02716):0.02707,((((Ban:-0.00128,
Bth:0.00690):0.01388,Bce:0.00306):0.00828,Bwe:0.04137):1.68529,
Bpu:0.11162):0.01551):0.01618,Bam:0.05105);
