(((((((Ban:0.00000,Bth:0.00001):0.01517,Bce:0.02304):0.01280,
Bwe:0.03510):0.21656,Bha:0.35992):0.08181,Bpu:0.10839):0.04000,
Bli:0.09740):0.01107,Bsu:0.05970,Bam:0.05574);
