(Bsu:0.13638,((((((Ban:0.00290,Bth:0.00137):0.00224,Bce:0.01925):0.01001,
Bwe:0.03134):0.57435,Bha:0.64714):0.20877,Bpu:0.33569):0.08290,
Bli:0.24692):0.04588,Bam:0.23053);
