(((((Ban:-0.01047,((Bce:0.01136,Bth:0.00024):0.01063,Bwe:0.02636):0.01224):0.95402,
Bha:0.46108):0.16439,Bpu:0.33449):0.08644,Bli:0.19142):0.07264,
Bsu:0.11261,Bam:0.14306);
