(((((((Ban:0.00001,Bth:0.00000):0.03635,Bwe:0.04655):0.01946,
Bce:0.05209):1.10909,Bha:0.74068):0.38711,Bpu:0.48063):0.19439,
Bli:0.34852):0.06195,Bsu:0.25244,Bam:0.26435);
