(((((Ban:0.00000,Bce:0.00001):-0.00000,Bth:0.00001):0.01414,
Bwe:0.01783):0.12473,Bha:0.33249):0.01859,(Bli:0.05938,(Bpu:0.06358,
Bsu:0.03435):0.00241):0.01614,Bam:0.04678);
