(Bpu:0.02706,((((((Ban:0.00000,Bth:0.00001):0.01861,Bce:-0.00050):0.03571,
Bwe:0.01005):0.05068,Bha:0.22256):0.09554,Bsu:0.02372):0.02595,
Bli:0.03499):0.01116,Bam:0.04652);
