(Bsu:0.07894,(Bli:0.11334,(((((Ban:0.00365,Bth:0.00012):0.03751,
Bce:0.01271):0.02210,Bwe:0.06373):0.40490,Bha:0.51470):0.02434,
Bpu:0.20638):0.05235):0.07179,Bam:0.08048);
