(Bsu:0.10088,((((((Ban:0.00190,Bth:0.00713):0.04166,Bwe:0.03948):0.01773,
Bce:0.05051):0.41438,Bha:0.17199):0.11047,Bli:0.14147):0.02378,
Bpu:0.17483):0.04658,Bam:0.10897);
