((((((Ban:-0.00060,Bth:0.00675):0.01388,Bce:0.04181):0.02294,
Bwe:0.04889):0.52105,Bha:0.87733):0.20743,(Bli:0.32838,Bsu:0.42182):0.05540):0.04455,
Bpu:0.42099,Bam:0.44704);
