(Bsu:0.04158,((((((Ban:-0.00082,Bwe:0.00567):0.00048,Bth:-0.00047):0.00608,
Bce:0.00364):0.18583,Bha:0.21691):0.04466,Bli:0.07394):0.01021,
Bpu:0.08451):0.02276,Bam:0.04178);
