(((((((Ban:0.00077,Bth:0.00139):0.00665,Bce:0.00638):0.00629,
Bwe:0.00676):1.11025,Bha:0.10616):0.05441,Bpu:0.04955):0.02787,
Bli:0.03150):0.01163,Bsu:0.02949,Bam:0.02651);
