(Bsu:0.11056,((((((Ban:0.00001,Bth:0.00000):0.01063,Bce:0.01409):0.01423,
Bwe:0.03438):0.41899,Bha:0.46411):0.19562,Bpu:0.23770):0.04856,
Bli:0.10256):0.01929,Bam:0.12962);
