(((((((Ban:0.00000,Bth:0.00001):0.01238,Bce:0.00253):0.01106,
Bwe:0.05528):0.20292,Bha:0.32837):0.09330,Bli:0.13194):0.04485,
Bsu:0.07157):0.00357,Bpu:0.12379,Bam:0.06031);
