((((((Ban:0.00000,Bth:0.00001):0.02238,Bce:0.00857):0.00719,
Bwe:0.02448):0.08377,Bha:0.18299):0.06955,(Bli:0.03867,Bsu:0.04245):0.02122):0.01134,
Bpu:0.04115,Bam:0.04403);
