((Bli:0.20301,Bsu:0.19444):0.08174,(((((Ban:0.00395,Bth:0.00047):0.02666,
Bwe:0.04553):0.05499,Bce:0.05712):1.29233,Bha:0.46101):0.18778,
Bpu:0.37198):0.01298,Bam:0.21824);
