(Bsu:0.02152,((((((Ban:0.00000,Bth:0.00001):0.01704,Bce:0.02081):0.00928,
Bwe:0.02902):0.17956,Bha:0.14366):0.10250,Bli:0.09048):0.03548,
Bpu:0.09799):0.00956,Bam:0.05838);
