(Bsu:0.00958,((((((Ban:0.00886,Bth:0.00441):0.00398,Bce:0.00399):0.01542,
Bwe:0.03241):0.15130,Bha:0.26094):0.03742,Bpu:0.10870):0.02897,
Bli:0.07728):0.01861,Bam:0.04404);
