(((((((Ban:-0.00088,Bce:0.00089):0.00052,Bth:-0.00051):0.00277,
Bwe:0.00912):0.06689,Bha:0.08983):0.02654,Bli:0.00561):0.00706,
Bpu:0.02628):0.00397,Bsu:-0.00089,Bam:0.00686);
