((Bmo2953xxx:0.06688,BG11196xxx:0.13665):0.18917,((BH3373xxxx:0.67112,
NT02BT3430:1.92959):0.00449,((NT03BL0848:1.51096,BG13263xxx:1.36442):0.83504,
BPUM_1894x:0.58548):0.17166):0.29583,BAM_019600:0.26638);
