    6
BAM_019600  0.000000  1.214069  3.078556  0.520606  1.140883  0.575681
BH3373xxxx  1.214069  0.000000  3.098245  1.272147  1.450417  1.316028
NT03BL0848  3.078556  3.098245  0.000000  2.844387  2.896070  2.820837
Bmo2953xxx  0.520606  1.272147  2.844387  0.000000  1.019173  0.203524
BPUM_1894x  1.140883  1.450417  2.896070  1.019173  0.000000  1.047114
BG11196xxx  0.575681  1.316028  2.820837  0.203524  1.047114  0.000000
