(Bsu:0.11611,(Bli:0.16265,(((((Ban:0.00203,Bth:0.00159):0.02568,
Bce:0.01689):0.00813,Bwe:0.03804):0.25701,Bha:0.21941):0.03522,
Bpu:0.25785):0.01196):0.05516,Bam:0.14328);
