((((((Ban:-0.00140,(Bth:-0.00240,Bwe:0.00241):0.00140):0.00084,
Bce:-0.00084):0.39431,Bha:0.12138):0.21590,Bli:0.01991):0.02170,
Bpu:0.00373):0.00379,Bsu:-0.00394,Bam:0.00395);
