(Bsu:0.04039,((((((Ban:0.00000,Bth:0.00001):0.00692,Bce:0.00723):0.00435,
Bwe:0.01370):0.18662,Bha:0.23436):0.06616,Bli:0.07293):0.01118,
Bpu:0.12584):0.02569,Bam:0.04128);
