(Bsu:0.02195,(Bli:0.02719,(((((Ban:0.00000,Bth:0.00001):0.00971,
Bce:0.00662):0.01233,Bwe:0.02565):0.18959,Bha:0.21397):0.10852,
Bpu:0.05086):0.01001):0.01237,Bam:0.01947);
