((Bmo1520xxx:0.01906,BG11187xxx:0.02574):0.07295,((((((BA_0855xxx:0.00422,
NT02BT0896:0.00325):0.01222,BC_0872xxx:0.00108):0.02075,
KBAB4_0759:0.01952):0.28011,BH0170xxxx:0.31603):0.32635,
NT03BL0429:0.09614):0.03792,BPUM_0340x:0.16402):0.02993,BAM_003780:0.09230);
