(Bsu:0.04708,((((((Ban:0.00001,Bth:0.00000):0.02781,Bwe:0.05133):0.00262,
Bce:0.03684):0.73504,Bha:0.26948):0.11104,Bpu:0.08707):0.03533,
Bli:0.11097):0.00999,Bam:0.07010);
