(((((((Ban:0.00169,Bce:0.02306):0.00160,Bth:0.00190):0.00806,
Bwe:0.02749):0.85482,Bha:0.25997):0.13766,Bli:0.24386):0.06060,
Bsu:0.15475):0.02178,Bpu:0.23957,Bam:0.14103);
