(Bpu:0.24726,(Bli:0.21587,(((((Ban:0.00070,Bth:0.00151):0.00804,
Bwe:0.01212):0.00132,Bce:0.01151):0.26979,Bha:0.26156):0.03127,
Bsu:0.15395):0.00466):0.01593,Bam:0.17972);
