(Bsu:0.01913,((((((Ban:0.00148,Bth:-0.00012):0.00271,Bce:0.00545):0.01584,
Bwe:0.01473):0.08427,Bha:0.12898):0.03399,Bli:0.04209):0.00480,
Bpu:0.05381):0.01705,Bam:0.02337);
