(Bsu:0.13158,(Bli:0.20044,(((((Ban:0.00421,Bth:0.00851):0.01723,
Bce:0.03016):0.00837,Bwe:0.03050):0.68797,Bha:0.32853):0.28060,
Bpu:0.20274):0.03633):0.04149,Bam:0.13262);
