(Bsu:0.13436,(((((Ban:0.00000,Bth:0.00001):0.05146,Bwe:0.03138):0.02464,
Bce:0.00935):0.13789,(Bha:1.05626,Bpu:0.19206):0.02952):0.02252,
Bli:0.16598):0.11080,Bam:0.17703);
