(Bsu:0.17235,(((((Ban:0.01530,Bth:-0.00175):0.03825,(Bce:0.03984,
Bwe:0.06028):0.01441):0.42015,Bha:0.42249):0.20302,Bli:0.22794):0.02516,
Bpu:0.26212):0.06407,Bam:0.16860);
