(((((((Ban:0.00595,Bth:0.01227):0.01905,Bwe:0.03068):0.00822,
Bce:0.02199):0.46998,Bha:2.24141):0.04891,Bpu:0.21934):0.09774,
Bli:0.18989):0.02674,Bsu:0.11292,Bam:0.16378);
