(Bpu:0.31184,((((((Ban:-0.00628,Bwe:0.04458):0.00367,Bth:-0.00366):0.01310,
Bce:0.01236):0.26497,Bha:0.34518):0.10710,Bli:0.18980):0.02784,
Bsu:0.07135):0.01496,Bam:0.13250);
