(Bsu:0.26919,(Bpu:0.11976,(((((Ban:-0.00292,Bwe:0.00293):0.00171,
Bth:-0.00170):0.00602,Bce:0.00328):0.24626,Bha:0.22343):0.10611,
Bli:0.10101):0.00379):0.02696,Bam:0.09955);
