(Bpu:0.13327,(Bsu:0.12957,(((((Ban:0.00000,Bth:0.00001):0.00262,
Bce:0.01125):0.00942,Bwe:0.01167):0.32510,Bha:0.22884):0.11002,
Bli:0.11838):0.00526):0.03126,Bam:0.03768);
