(((((((Ban:0.00122,Bth:0.00402):0.03221,Bce:0.02779):0.00418,
Bwe:0.04563):0.24061,Bha:0.37733):0.12947,Bpu:0.17408):0.03724,
Bli:0.15660):0.02524,Bsu:0.11386,Bam:0.10430);
