(BG10499xxx:0.15696,(BPUM_1103x:0.10188,(NT03BL1343:0.14279,
((((BAM_011760:0.03036,BG10498xxx:0.09936):0.02757,BPUM_1105x:0.06542):0.07398,
NT03BL1345:0.08005):0.24746,(((BA_1234xxx:0.00353,BC_1218xxx:0.01566):0.01884,
KBAB4_1128:0.06809):0.03095,(KBAB4_1132:0.03694,(BC_1222xxx:0.02189,
NT02BT1272:0.02943):0.01245):0.06046):0.81028):0.31112):0.04785):0.09182,BAM_011750:0.05692);
