(Bsu:0.07316,((((((Ban:0.00001,Bth:0.00000):0.00602,Bce:0.00577):0.04259,
Bwe:-0.01301):1.37716,Bha:0.26455):0.17501,Bli:0.10319):0.09317,
Bpu:0.21158):0.04952,Bam:0.08934);
