(Bsu:0.35613,((((((Ban:0.00001,Bth:0.00000):0.03917,Bce:0.01004):0.02244,
Bwe:0.09217):0.48591,Bha:0.55148):0.33226,Bpu:0.54025):0.06307,
Bli:0.44824):0.00842,Bam:0.29909);
