(Bsu:0.06882,(Bli:0.20727,(((((Ban:0.00001,Bth:0.00000):0.01166,
Bce:0.02463):0.01770,Bwe:0.04551):0.27373,Bha:1.36125):0.00351,
Bpu:0.30516):0.00607):0.07660,Bam:0.14027);
