(Bsu:0.06164,(Bli:0.11855,(((((Ban:0.02545,Bth:-0.00080):0.02092,
Bce:0.01245):0.03703,Bwe:0.03637):0.43725,Bha:0.28019):0.14347,
Bpu:0.16462):0.01368):0.05394,Bam:0.10475);
