(((((((Ban:0.00000,Bth:0.00001):0.00188,Bwe:0.00037):0.00398,
Bce:0.00633):0.14496,Bha:0.09690):0.06264,Bli:0.01001):0.00993,
Bpu:0.01734):0.00969,Bsu:0.00167,Bam:0.00748);
