(((((Ban:0.00001,Bth:0.00000):0.02782,Bce:0.03440):0.00629,
Bwe:0.02806):0.40797,Bha:0.41038):0.07667,((Bli:0.21342,
Bpu:0.22047):0.02410,Bsu:0.14850):0.03661,Bam:0.17182);
