(Bsu:0.08319,(Bli:0.10611,(((((Ban:0.00693,Bth:0.00496):0.02414,
Bwe:0.04646):0.00408,Bce:0.02394):0.12202,Bha:0.29545):0.04361,
Bpu:0.12487):0.01548):0.02208,Bam:0.09492);
