(Bsu:0.03728,((((((Ban:0.00588,Bth:0.00717):0.02387,Bce:0.02647):0.01116,
Bwe:0.03435):0.27668,Bha:0.20353):0.15234,Bli:0.06040):0.00691,
Bpu:0.06213):0.01766,Bam:0.04310);
