(Bsu:0.05755,(Bli:0.16269,(((((Ban:0.00001,Bth:0.00000):0.01228,
Bce:0.00484):0.00682,Bwe:0.01047):1.05691,Bha:0.35785):0.13769,
Bpu:0.14826):0.01548):0.08094,Bam:0.08630);
