((Bmo2955xxx:0.13202,BG11197xxx:0.06913):0.13812,(((((BA_2935xxx:0.10988,
BC_2920xxx:0.11699):0.73971,NT03BC0337:1.67895):0.28578,
KBAB4_0497:1.35571):0.32045,(BG10027xxx:0.95596,NT02BT2067:1.26032):0.38838):0.67178,
NT03BL2432:0.57081):0.09905,BAM_019590:0.21327);
