(Bpu:0.05885,((((((Ban:-0.00069,Bwe:0.00356):0.00041,Bth:-0.00040):0.00262,
Bce:0.00025):0.08863,Bha:0.14673):0.03869,Bli:0.04530):0.00736,
Bsu:0.02486):0.00478,Bam:0.02334);
