(NT03BL1342:0.34612,(((((BA_1233xxx:0.00930,NT02BT1267:0.01257):0.08004,
KBAB4_1127:0.07540):0.01261,BC_1217xxx:0.11432):1.22841,
BPUM_1102x:0.36223):0.12149,(Bmo2053xxx:0.11981,BG13153xxx:0.10663):0.16608):0.02858,BAM_011740:0.37690);
