(((((((Ban:0.00589,Bth:0.00532):0.00517,Bce:0.01368):0.01661,
Bwe:0.03983):0.25524,Bha:0.35892):0.07908,Bli:0.27708):0.02622,
Bpu:0.41761):0.01466,Bsu:0.19553,Bam:0.24368);
