(Bsu:0.02573,((((((Ban:0.00981,Bth:0.00214):0.01030,Bwe:0.02015):0.00154,
Bce:0.00733):1.21284,Bha:0.14180):0.04534,Bli:0.04918):0.01954,
Bpu:0.05629):0.02557,Bam:0.02607);
