(((((((Ban:-0.00285,Bce:0.02731):0.00166,Bth:-0.00166):0.00615,
Bwe:0.02177):0.57086,Bha:0.82872):0.18299,Bpu:0.22428):0.02435,
Bli:0.14051):0.01614,Bsu:0.09223,Bam:0.10657);
