(Bsu:0.02187,(Bpu:0.30238,(((((Ban:0.00485,Bth:0.00475):0.01039,
Bce:0.02423):0.00789,Bwe:0.02148):0.65609,Bha:0.64470):0.06560,
Bli:0.15007):0.03638):0.07131,Bam:0.06703);
