(Bsu:0.03611,((((((Ban:0.00155,Bth:0.00118):0.00053,Bce:0.00311):0.01402,
Bwe:0.01781):0.11837,Bha:0.14659):0.06922,Bpu:0.07302):0.00816,
Bli:0.05531):0.01423,Bam:0.04096);
