(Bsu:0.08901,(((((Ban:-0.00442,Bth:0.00999):0.04263,(Bce:0.03487,
Bwe:0.04111):0.01406):0.38872,Bha:0.56472):0.12795,Bpu:0.19247):0.04223,
Bli:0.18892):0.03065,Bam:0.14074);
