(Bsu:0.10305,(Bli:0.22726,((((Ban:0.00001,Bth:0.00000):0.01124,
Bce:0.03206):0.30235,(Bha:0.70354,Bwe:0.38266):0.10047):0.02949,
Bpu:0.41162):0.10794):0.12522,Bam:0.12241);
