(Bsu:0.12587,((((((Ban:-0.00030,Bce:0.00995):0.00018,Bth:-0.00017):0.01399,
Bwe:0.01519):0.33127,Bha:0.42007):0.15683,Bli:0.19044):0.01520,
Bpu:0.18018):0.01961,Bam:0.09923);
