(Bsu:0.02146,(Bli:0.07080,(((((Ban:0.00000,Bth:0.00001):0.01178,
Bwe:0.01698):0.00682,Bce:0.00473):0.37297,Bha:0.32758):0.17410,
Bpu:0.09919):0.00573):0.04913,Bam:0.03158);
