(Bsu:0.09356,(((((Ban:0.01936,Bth:-0.00119):0.03020,(Bce:0.02537,
Bwe:0.04842):0.00934):1.16474,Bha:0.34288):0.06743,Bpu:0.18908):0.01593,
Bli:0.15400):0.07186,Bam:0.12781);
