(Bsu:0.23315,(Bli:0.37062,(((((Ban:0.00489,Bth:0.00188):0.12519,
Bce:0.10817):0.02002,Bwe:0.09621):0.36659,Bha:0.88328):0.25469,
Bpu:0.45881):0.06403):0.06974,Bam:0.26540);
