(Bsu:0.11163,((((((Ban:0.00581,Bth:0.00178):0.03444,Bce:0.02245):0.69369,
Bha:0.83479):0.41207,Bwe:0.87256):0.91268,Bpu:0.46267):0.04250,
Bli:0.21300):0.03332,Bam:0.14586);
