(((((((Ban:0.00736,Bth:0.00267):0.04901,Bce:0.05423):0.01409,
Bwe:0.06820):0.16930,Bha:0.30027):0.06058,Bpu:0.14925):0.04665,
Bli:0.09948):0.03468,Bsu:0.06254,Bam:0.06884);
