(Bsu:0.10033,(Bpu:0.14797,(((((Ban:0.00000,Bth:0.00001):0.01796,
Bce:0.02519):0.00941,Bwe:0.04342):0.30248,Bha:0.34420):0.05209,
Bli:0.17957):0.00766):0.05670,Bam:0.10460);
