((((((Ban:-0.00192,Bth:0.00572):0.00813,Bwe:0.01897):0.01113,
Bce:0.01727):0.46693,Bha:1.33162):0.22876,(Bli:0.09052,Bpu:0.10755):0.03009):0.02663,
Bsu:0.09855,Bam:0.11839);
