(Bsu:0.08551,(Bli:0.16302,(((((Ban:0.00001,Bth:0.00000):0.01127,
Bwe:0.01704):0.02670,Bce:0.01607):0.54445,Bha:0.78401):0.13681,
Bpu:0.17841):0.02078):0.06485,Bam:0.11085);
