(BC_3534xxx:100.0,((((BG11881xxx:100.0,BAM_036530:100.0):97.0,((NT03BL3317:100.0,
NT03BC0453:100.0):82.0,BAM_036540:100.0):96.0):86.0,(NT02BT3522:100.0,BA_3589xxx:100.0):59.0):52.0,
KBAB4_3237:100.0):100.0);
(BG11881xxx:0.32193,((BAM_036540:1.69407,(NT03BC0453:1.08562,
NT03BL3317:1.58234):0.59256):1.02022,((BC_3534xxx:0.06864,
KBAB4_3237:0.01021):0.02108,(BA_3589xxx:0.00982,NT02BT3522:0.00919):0.01452):0.38025):0.43579,BAM_036530:0.39207);
