(BG11881xxx:0.32193,((BAM_036540:1.69407,(NT03BC0453:1.08562,
NT03BL3317:1.58234):0.59256):1.02022,((BC_3534xxx:0.06864,
KBAB4_3237:0.01021):0.02108,(BA_3589xxx:0.00982,NT02BT3522:0.00919):0.01452):0.38025):0.43579,BAM_036530:0.39207);
