(Bsu:0.07914,(Bli:0.12330,(((((Ban:0.00670,Bth:0.00454):0.00842,
Bce:0.02015):0.01437,Bwe:0.04601):0.17774,Bha:0.23560):0.08553,
Bpu:0.13967):0.01334):0.03164,Bam:0.09196);
