(Bsu:0.09224,(Bli:0.08187,(((((Ban:0.00110,Bth:0.00085):0.00779,
Bce:0.00591):0.00815,Bwe:0.00755):0.11737,Bha:0.09754):0.04040,
Bpu:0.16365):0.00896):0.01548,Bam:0.08839);
