(Bsu:0.10595,((((((Ban:0.00001,Bth:0.00000):0.03412,Bce:0.03840):0.02735,
Bwe:0.04314):1.11082,Bha:0.77184):0.44833,Bpu:0.15979):0.06189,
Bli:0.18410):0.12546,Bam:0.07420);
