(Bsu:0.00478,(Bli:0.00948,(((((Ban:0.00000,Bce:0.00001):-0.00000,
Bth:0.00001):0.00163,Bwe:0.01773):0.18640,Bha:0.14490):0.10059,
Bpu:0.06057):0.00537):0.01008,Bam:0.00491);
