(Bsu:0.03954,((((((Ban:0.00185,Bth:0.00158):0.00698,Bce:0.00516):0.00727,
Bwe:0.00671):0.18418,Bha:0.21368):0.08439,Bpu:0.10717):0.00294,
Bli:0.06853):0.02972,Bam:0.05434);
