(Bsu:0.17386,(((((Ban:0.00314,(Bth:-0.00002,Bwe:0.02130):0.00217):0.00157,
Bce:0.00369):0.30134,Bha:0.34359):0.08450,Bpu:0.37704):0.04099,
Bli:0.18357):0.01254,Bam:0.18720);
