(((((((Ban:0.00565,Bth:0.00444):0.05396,Bwe:0.04000):0.00185,
Bce:0.06700):0.45592,Bha:0.22027):0.02851,Bpu:0.12016):0.01346,
Bli:0.10998):0.01293,Bsu:0.07971,Bam:0.06666);
