(Bsu:0.06940,((((((Ban:0.00001,Bth:0.00000):0.00383,Bce:0.02367):0.02818,
Bwe:0.01490):0.60746,Bha:0.21085):0.07622,Bpu:0.11239):0.01193,
Bli:0.14204):0.05203,Bam:0.09685);
