((((((Ban:0.00001,Bth:0.00000):0.02161,Bwe:0.02980):0.00838,
Bce:0.02080):0.63540,Bli:0.05457):0.02152,(Bha:0.12707,Bpu:0.07158):0.02015):0.01993,
Bsu:0.05952,Bam:0.05960);
