(((((((Ban:0.00000,Bth:0.00001):0.01877,Bce:0.01133):0.01953,
Bwe:0.04442):0.17764,Bha:0.65331):0.18439,Bli:0.06129):0.01778,
Bpu:0.10221):0.00696,Bsu:0.03851,Bam:0.05303);
