(Bsu:0.13486,(Bpu:0.11293,(((Ban:0.00001,Bth:0.00000):0.00514,
Bwe:0.03425):0.47017,((Bce:0.18633,Bli:0.18135):0.07337,
Bha:0.11884):0.07045):0.18252):0.10082,Bam:-0.00069);
