(Bsu:0.13538,(Bpu:0.23019,(((((Ban:-0.00023,Bce:0.00024):0.00014,
Bth:-0.00013):0.01563,Bwe:0.00050):0.90260,Bha:1.37956):0.06002,
Bli:0.17194):0.05390):0.08615,Bam:0.08057);
