(Bsu:0.03306,((((((Ban:0.00001,Bth:0.00000):0.03751,Bwe:0.01107):0.04253,
Bce:0.00655):1.08798,Bha:0.34733):0.09519,Bpu:0.05655):0.02345,
Bli:0.10220):0.01033,Bam:0.03619);
