(Bsu:0.24098,(((((Ban:0.00001,Bth:0.00000):0.07407,Bce:0.02574):0.03363,
Bwe:0.11815):1.09699,(Bha:0.55134,Bpu:0.38872):0.08241):0.09865,
Bli:0.27118):0.05880,Bam:0.22688);
