(Bsu:0.07009,(Bli:0.11362,(((((Ban:0.00481,Bth:0.00318):0.01767,
Bce:0.00649):0.02045,Bwe:0.08213):0.36505,Bha:0.36136):0.17443,
Bpu:0.09518):0.01078):0.03812,Bam:0.09649);
