(Bsu:0.08538,(Bpu:0.08793,(((((Ban:0.00000,Bth:0.00001):0.00831,
Bce:0.00896):0.00463,Bwe:0.00699):0.22043,Bha:0.19839):0.09332,
Bli:0.07781):0.00901):0.01533,Bam:0.06747);
