(Bsu:0.06162,(Bli:0.05893,(((((Ban:0.00705,Bth:-0.00080):0.00627,
Bwe:0.02551):0.00115,Bce:0.00519):0.46532,Bha:0.33976):0.09061,
Bpu:0.11244):0.03417):0.03534,Bam:0.05142);
