(Bsu:0.00786,((((((Ban:0.00073,Bth:0.00553):0.00386,Bwe:0.00880):0.00947,
Bce:0.00316):0.09985,Bha:0.07708):0.03141,Bpu:0.06199):0.00801,
Bli:0.02083):0.01104,Bam:0.02366);
