(Bsu:0.14313,((((((Ban:0.03255,Bth:0.01438):0.01488,Bce:0.02711):0.00825,
Bwe:0.04693):0.32688,Bha:0.35228):0.09009,Bpu:0.18357):0.03148,
Bli:0.10602):0.01933,Bam:0.14036);
