(BPUM_1882x:0.19358,(((((BA_3640xxx:0.00440,(BC_3582xxx:0.00001,
NT02BT3570:0.00000):0.00424):0.08266,KBAB4_3268:0.08537):0.78717,
NT03BL2411:0.29084):0.03881,BG13537xxx:0.19976):0.01857,
NT03BC1795:0.52266):0.03176,BAM_019400:0.14140);
