(Bsu:0.03883,(Bli:0.07828,(((((Ban:0.00000,Bth:0.00001):0.00644,
Bce:0.00279):0.02414,Bwe:0.04114):0.24650,Bha:0.21765):0.10518,
Bpu:0.11547):0.01115):0.02164,Bam:0.02650);
