(Bsu:0.08654,((((((Ban:-0.00086,Bth:0.00728):0.02485,Bwe:0.02066):0.21073,
Bce:0.21700):0.52388,Bha:0.51323):0.08942,Bli:0.24393):0.04185,
Bpu:0.24446):0.06300,Bam:0.13590);
