(Bsu:0.02937,((Bli:0.19030,Bpu:0.13657):0.05389,((((Ban:0.00001,
Bth:0.00000):0.01723,Bwe:0.00854):0.01459,Bce:0.01131):0.34709,
Bha:0.68995):0.04394):0.07921,Bam:0.15863);
