(Bsu:0.01552,(Bli:0.02710,(((((Ban:-0.00107,Bth:0.00108):0.00279,
Bce:0.00243):0.00876,Bwe:0.00186):0.06983,Bha:0.04555):0.00593,
Bpu:0.02746):0.01300):0.00680,Bam:0.01060);
