(Bsu:0.03127,(Bli:0.05299,(((((Ban:-0.00023,Bth:0.00253):0.00263,
Bce:0.00427):0.00706,Bwe:0.01383):0.13683,Bha:0.13505):0.05210,
Bpu:0.06552):0.01287):0.01598,Bam:0.03689);
