(Bsu:0.08897,(Bli:0.12770,(((((Ban:0.00442,Bth:0.00052):0.02309,
Bce:0.02822):0.19717,Bwe:1.00471):0.02820,Bha:0.22379):0.16857,
Bpu:0.18341):0.02272):0.04889,Bam:0.09670);
