(Bsu:0.22662,(Bli:0.46334,(((((Ban:0.05711,Bth:0.00526):0.06715,
Bwe:-0.00138):0.76832,Bce:0.66392):0.24395,Bha:0.67694):0.04806,
Bpu:0.48045):0.06302):0.06853,Bam:0.32674);
