(Bsu:0.26109,(Bli:0.93208,(((((Ban:0.01230,Bce:0.00689):0.02526,
Bwe:0.02428):0.69689,Bha:0.95709):0.04157,Bth:0.70583):0.16847,
Bpu:0.97413):0.07328):0.94191,Bam:0.25504);
