(((((((Ban:0.00000,Bth:0.00001):0.00628,Bce:0.00040):0.00154,
Bwe:0.00529):0.14101,Bha:0.07509):0.04122,Bli:0.03693):0.00880,
Bpu:0.03139):0.00669,Bsu:0.01995,Bam:0.01542);
