(Bsu:0.04171,(Bpu:0.10322,(((((Ban:0.00251,Bth:-0.00035):0.00894,
Bce:0.01067):0.00536,Bwe:0.03397):0.11267,Bha:0.11841):0.04464,
Bli:0.05869):0.01489):0.01680,Bam:0.05084);
