(
RBAM_005580:0.08059,
BC_0201:0.87030,
BG12424:0.03574);
