(Bsu:0.19404,(((((Ban:0.01001,Bth:-0.00405):0.08987,(Bce:0.11072,
Bwe:0.12937):0.00660):0.53262,Bha:0.66834):0.15438,Bpu:0.38617):0.06972,
Bli:0.24035):0.03127,Bam:0.25301);
