(Bsu:0.04198,(Bpu:0.07476,(((((Ban:0.00000,Bth:0.00001):0.01328,
Bce:0.00143):0.00806,Bwe:0.01233):0.19877,Bha:0.16693):0.06522,
Bli:0.06958):0.01690):0.02505,Bam:0.05825);
