(Bsu:0.47128,((((((Ban:0.00706,Bth:0.00294):0.10730,Bce:0.09738):0.02642,
Bwe:0.10686):0.68214,Bha:0.86351):0.19721,Bpu:0.75386):0.09004,
Bli:0.57925):0.12127,Bam:0.47161);
