(Bsu:0.14014,((((Ban:0.00651,Bth:0.00681):0.62020,(Bce:0.03299,
Bwe:0.01512):1.04967):0.22327,Bpu:0.22028):0.06092,(Bha:0.32955,
Bli:0.21299):0.02417):0.08088,Bam:0.15673);
