(Bsu:0.03886,(Bpu:0.14656,(((((Ban:0.02001,Bth:0.00638):0.03209,
Bce:0.03013):0.00326,Bwe:0.05348):0.41848,Bha:0.33395):0.12904,
Bli:0.07085):0.02095):0.04375,Bam:0.04807);
