(Bsu:0.04570,(((((Ban:-0.00047,Bth:0.01150):0.03518,Bce:0.05909):0.11113,
Bwe:0.08808):0.31528,(Bha:0.48301,Bli:0.01362):0.03883):0.02078,
Bpu:0.09300):0.02404,Bam:0.05619);
