(Bsu:0.09377,(Bli:0.15438,(((((Ban:0.00948,Bth:-0.00475):0.01373,
Bce:0.00052):0.02303,Bwe:0.01051):1.24766,Bpu:0.38323):0.03808,
Bha:0.25267):0.07697):0.11571,Bam:0.10237);
