(Bsu:0.13010,(((((Ban:0.00507,Bth:-0.00092):0.02208,(Bce:0.01661,
Bwe:0.01289):0.00585):0.62378,Bha:0.34318):0.11012,Bpu:0.18951):0.01601,
Bli:0.15498):0.02855,Bam:0.17882);
