((((((Ban:-0.00032,Bth:0.00033):0.01242,Bwe:0.02372):0.01270,
Bce:0.02244):0.14396,Bha:0.21005):0.02835,(Bli:0.03946,Bpu:0.03219):0.02828):0.02162,
Bsu:0.01773,Bam:0.02702);
