(((((Ban:0.73491,Bha:0.55992):0.46599,((Bce:0.03017,Bth:0.02145):0.01629,
Bwe:0.02533):0.16161):0.10867,Bpu:0.13397):0.02755,Bli:0.12221):0.02447,
Bsu:0.06978,Bam:0.09311);
