((Bmo2673xxx:0.06798,BG13781xxx:0.09929):0.18408,((((((BA_4659xxx:0.04865,
NT02BT4420:-0.02012):0.03115,KBAB4_4273:0.06702):0.01888,
BC_4420xxx:0.01399):0.90762,(NT03BC1781:1.11508,BH1221xxxx:0.94275):0.14846):0.25003,
NT03BL3093:0.34356):0.05130,BPUM_2424x:0.51630):0.17638,BAM_024890:0.42894);
