(((((Ban:0.00370,((Bce:0.00001,Bth:0.00000):0.00802,Bwe:0.01230):0.00641):0.55147,
Bha:0.40300):0.15713,Bpu:0.18026):0.05967,Bli:0.93842):0.03090,
Bsu:0.17943,Bam:0.04703);
