(Bsu:0.23510,((((((Ban:-0.00120,Bth:0.00588):0.02309,Bce:0.02506):0.02385,
Bwe:0.06916):0.34814,Bha:0.30482):0.08727,Bpu:0.29339):0.03930,
Bli:0.21855):0.04856,Bam:0.14040);
