(Bsu:0.13428,(Bha:1.24953,(((((Ban:-0.00096,Bth:0.00349):0.01815,
Bwe:0.04943):0.53121,Bce:1.00884):0.14678,Bpu:0.23715):0.00520,
Bli:0.23382):0.01450):0.06124,Bam:0.15427);
