(Bsu:0.06810,(Bli:0.07368,(((((Ban:0.00636,Bth:0.00396):0.00360,
Bce:0.00678):0.01720,Bwe:0.02815):0.19834,Bha:0.39515):0.09229,
Bpu:0.06974):0.01280):0.02351,Bam:0.05480);
