(Bsu:0.06390,((((((Ban:0.00094,Bth:0.00140):0.00356,Bce:0.01069):0.00345,
Bwe:0.01310):0.14352,Bha:0.32319):0.04796,Bpu:0.12821):0.00899,
Bli:0.08204):0.01917,Bam:0.05596);
