(Bsu:0.15827,((((((Ban:0.00001,Bth:0.00000):0.03556,Bwe:0.04510):0.01028,
Bce:0.03265):0.33363,Bha:0.38603):0.12693,Bpu:0.19142):0.07893,
Bli:0.19896):0.03764,Bam:0.21229);
