(Bsu:0.08372,(((Ban:1.61190,Bha:0.59462):0.03673,((Bce:0.01843,
Bth:0.02478):0.02563,Bwe:0.02767):0.42344):0.24548,(Bli:0.23397,
Bpu:0.25222):0.01763):0.11815,Bam:0.14817);
