(Bsu:0.18845,(Bli:0.30730,(((((Ban:0.00001,Bth:0.00000):0.02761,
Bce:0.08363):0.06985,Bwe:0.09770):0.74213,Bha:0.41342):0.27688,
Bpu:0.35729):0.02156):0.04177,Bam:0.27497);
