(Bsu:0.09427,(Bpu:0.16481,(((((Ban:0.00758,Bth:0.00047):0.01158,
Bce:0.01298):0.04424,Bwe:0.04100):0.41928,Bha:0.27035):0.24419,
Bli:0.11593):0.01626):0.02173,Bam:0.10815);
