(Bsu:0.03982,(Bli:0.07557,(((((Ban:0.00000,Bth:0.00001):0.01121,
Bce:0.00955):0.01344,Bwe:0.02891):0.30340,Bha:1.17682):0.04088,
Bpu:0.12429):0.02824):0.03918,Bam:0.04880);
