(Bsu:0.14315,(Bli:0.16916,(((Ban:0.54355,(Bce:0.01209,(Bth:0.00659,
Bwe:0.01024):0.00203):0.30740):0.05377,Bha:0.24668):0.08572,
Bpu:0.17790):0.01101):0.07883,Bam:0.13654);
