(Bha:0.18525,((((((Ban:0.00092,Bth:0.00158):0.01492,Bce:0.00791):0.73700,
Bpu:0.74024):0.51253,Bwe:1.33383):0.76465,Bsu:0.18419):0.04750,
Bli:0.18325):0.00568,Bam:0.20355);
