(Bsu:0.25054,(Bli:0.33116,(((((Ban:0.01699,Bth:0.00832):0.06344,
Bce:0.08218):0.02465,Bwe:0.10076):0.29516,Bha:0.52605):0.08530,
Bpu:0.44623):0.04495):0.08840,Bam:0.32031);
