(Bsu:0.04564,((((((Ban:0.00312,Bth:0.00221):0.03568,Bwe:0.03062):0.21705,
Bce:0.46086):0.06560,Bha:0.24525):0.08441,Bli:0.07968):0.00676,
Bpu:0.08480):0.02292,Bam:0.06618);
