(Bsu:0.13410,((((((Ban:-0.00072,Bth:0.01884):0.03531,Bwe:0.02968):0.05811,
Bce:0.16668):0.84353,Bha:0.82095):0.19395,Bpu:0.28411):0.04662,
Bli:0.22274):0.07804,Bam:0.12600);
