(Bsu:0.07227,((((((Ban:0.00382,Bth:-0.00013):0.00489,Bce:0.00624):0.00542,
Bwe:0.01506):0.24188,Bha:0.23285):0.07030,Bli:0.13331):0.03156,
Bpu:0.13496):0.02133,Bam:0.09799);
