(((((((Ban:0.00001,Bth:0.00000):-0.00000,Bce:0.00001):0.00041,
Bwe:-0.00041):0.10875,Bha:0.13871):0.03193,Bsu:0.00641):0.01089,
Bli:0.00615):0.00873,Bpu:0.01360,Bam:0.01612);
