(((((((Ban:0.00427,Bth:-0.00083):0.01635,Bwe:0.01876):0.00172,
Bce:0.00507):0.18422,Bha:0.25205):0.04265,Bpu:0.09970):0.03022,
Bli:0.07942):0.00670,Bsu:0.04437,Bam:0.06499);
