(((BA_5274xxx:0.01758,NT02BT5037:0.00230):0.01002,(BC_5027xxx:0.03096,
KBAB4_4858:0.01604):0.02068):1.14295,((((NT03BC4002:0.09927,
BH0811xxxx:0.73246):0.18526,NT03BL1698:0.13446):0.04615,
BG13288xxx:0.10809):0.04056,BPUM_1301x:0.24888):0.04284,BAM_013830:0.10716);
