(Bsu:0.31878,((((((Ban:0.04156,Bth:-0.00316):0.07186,Bce:0.11553):0.02765,
Bwe:0.17538):0.39551,Bha:0.60714):0.18191,Bli:0.18089):0.05356,
Bpu:0.48131):0.07772,Bam:0.30080);
