(Bsu:0.00831,(Bli:0.03939,(((((Ban:0.00000,Bth:0.00001):0.00123,
Bce:0.00505):0.00762,Bwe:0.00713):0.20773,Bha:0.17163):0.07060,
Bpu:0.04763):0.00883):0.02012,Bam:0.01038);
