(Bsu:0.07004,((((((Ban:0.00757,Bth:0.00246):0.02643,Bce:0.00911):0.03523,
Bwe:0.02172):0.36311,Bha:1.19247):0.26881,Bli:0.14237):0.02051,
Bpu:0.16839):0.02854,Bam:0.07591);
