(Bsu:0.09802,(Bli:0.06059,(((((Ban:0.00000,Bth:0.00001):0.00315,
Bce:0.00448):0.00316,Bwe:0.00451):0.18491,Bha:0.20353):0.06226,
Bpu:0.07436):0.01007):0.02409,Bam:0.04095);
