(Bsu:0.12560,((((((Ban:-0.00183,Bth:0.00762):0.01677,Bce:0.02458):0.00535,
Bwe:0.03201):0.77252,Bha:0.44055):0.14441,Bpu:0.23412):0.03562,
Bli:0.20056):0.07699,Bam:0.14201);
