(Bsu:0.01346,(Bpu:0.08592,(((((Ban:0.00000,Bth:0.00001):0.00397,
Bwe:0.00755):0.11104,Bce:0.14762):0.06384,Bha:0.21459):0.06712,
Bli:0.07807):0.01389):0.07132,Bam:0.02388);
