(Bsu:0.04858,((((((Ban:-0.00155,Bce:0.01392):0.00091,Bth:-0.00090):0.00712,
Bwe:0.00532):1.41138,Bha:0.08775):0.21249,Bli:0.14796):0.02734,
Bpu:0.07486):0.10229,Bam:0.04480);
