(Bsu:0.10214,(Bpu:0.27126,(((((Ban:0.04763,Bth:-0.02131):0.06153,
Bce:0.03777):0.03974,Bwe:0.06474):0.47017,Bha:0.87373):0.15777,
Bli:0.25943):0.03267):0.12551,Bam:0.13185);
