(((((((Ban:0.00123,Bth:0.00120):0.08411,Bwe:0.06094):0.02479,
Bce:0.03392):0.60223,Bha:0.56327):0.59426,Bli:0.02931):0.02691,
Bpu:0.05296):0.01636,Bsu:0.01511,Bam:0.02505);
