((((((Ban:0.00000,Bce:0.00001):-0.00000,Bth:0.00001):0.00447,
Bwe:0.01243):0.19470,Bha:0.15448):0.06589,(Bli:0.34693,Bpu:-0.00250):0.02072):0.00785,
Bsu:0.00060,Bam:0.00503);
