(Bsu:0.03215,(Bpu:0.08027,(((((Ban:0.00050,Bth:0.00019):0.00502,
Bce:0.00547):0.00892,Bwe:0.01802):0.14937,Bha:0.21684):0.09063,
Bli:0.06455):0.00649):0.01751,Bam:0.03571);
