(Bsu:0.24117,((((((Ban:0.00502,Bth:0.01605):0.09414,Bce:0.07298):0.07290,
Bwe:0.11187):0.49515,Bha:0.84745):0.36897,Bpu:0.54467):0.13700,
Bli:0.35746):0.07869,Bam:0.22925);
