((((((Ban:-0.00020,Bth:0.00241):0.00165,Bce:0.00498):0.00334,
Bwe:0.00329):0.08548,(Bha:0.33502,Bpu:0.06574):0.02028):0.02131,
Bsu:0.03565):0.00366,Bli:0.03658,Bam:0.03820);
