(Bsu:0.09357,(Bpu:0.10952,(((((Ban:0.00000,Bth:0.00001):0.01076,
Bce:0.00423):0.00894,Bwe:0.03150):0.22439,Bha:0.46910):0.08361,
Bli:0.11467):0.00564):0.01861,Bam:0.08554);
