(((((((Ban:0.00001,Bth:0.00000):0.03598,Bce:0.05538):0.83169,
Bha:0.49318):0.07428,Bwe:0.56266):0.10317,Bpu:0.33347):0.02889,
Bsu:0.19601):0.02708,Bli:0.22236,Bam:0.16721);
