(((((((Ban:0.00114,Bth:0.00348):0.00297,Bce:0.00864):0.00106,
Bwe:0.01293):0.24019,Bha:0.15180):0.13775,Bpu:0.09032):0.01699,
Bli:0.09473):0.01503,Bsu:0.14953,Bam:0.06259);
