(Bsu:0.12901,(Bli:0.18771,(((((Ban:0.01655,Bth:-0.00305):0.03951,
Bwe:0.05184):0.01159,Bce:0.08448):0.24024,Bha:0.89535):0.06729,
Bpu:0.29297):0.01507):0.10604,Bam:0.12531);
