(Bsu:0.12938,(Bli:0.14680,(((((Ban:0.00000,Bth:0.00001):0.01210,
Bce:0.01031):0.01167,Bwe:0.01713):0.27021,Bha:0.36398):0.09889,
Bpu:0.14146):0.00531):0.04480,Bam:0.12269);
