(Bsu:0.07392,(Bli:0.07747,(((((Ban:0.00581,Bce:0.00910):0.01097,
Bwe:0.02347):0.01428,Bth:-0.01261):0.36602,Bha:0.36136):0.14823,
Bpu:0.18228):0.01284):0.04869,Bam:0.08554);
