(((((((Ban:0.00241,Bth:0.01163):0.01064,Bce:0.02161):0.00830,
Bwe:0.04085):0.28072,Bha:0.46933):0.06122,Bpu:0.27841):0.03928,
Bli:0.24054):0.02556,Bsu:0.18849,Bam:0.19585);
