(Bsu:0.22790,(Bli:0.28968,(((((Ban:0.00824,Bth:0.00739):0.04518,
Bce:0.05690):0.02415,Bwe:0.09071):0.40432,Bha:0.77937):0.11369,
Bpu:0.39090):0.06729):0.07670,Bam:0.29925);
