(Bsu:0.02360,((((((Ban:0.00000,Bth:0.00001):0.00268,Bwe:0.01067):0.00026,
Bce:0.00240):0.12297,Bha:0.10523):0.02166,Bli:0.03379):0.00361,
Bpu:0.05575):0.00972,Bam:0.02897);
