(Bsu:0.03118,(Bpu:0.09141,(((((Ban:0.00299,Bth:-0.00021):0.02441,
Bce:0.01824):0.01072,Bwe:0.02369):0.22555,Bha:0.23018):0.10102,
Bli:0.07540):0.01279):0.03373,Bam:0.05724);
