((((NT03BL2036:-0.43269,NT03BL2037:-0.56731):0.67088,BG13506xxx:0.09041):0.00147,
Bmo3096xxx:0.11956):0.23629,((BC_1925xxx:0.01026,NT02BT1930:0.00660):0.06255,
KBAB4_1799:0.08309):0.01461,BA_1924xxx:0.07800);
