(Bsu:0.21713,((((Ban:0.00001,Bth:0.00000):0.06851,Bce:0.05129):0.02321,
Bwe:0.06864):0.21647,((Bha:0.89274,Bpu:1.07958):0.56954,
Bli:0.16105):0.06135):0.04668,Bam:0.28822);
