(Bsu:0.24719,((((((Ban:-0.00029,Bth:0.00030):0.01797,Bce:0.01431):0.03200,
Bwe:0.00366):0.52913,Bha:0.79685):0.24831,Bli:0.47266):0.08448,
Bpu:0.43405):0.06450,Bam:0.39620);
