(Bsu:0.13263,(Bli:0.16433,(((((Ban:-0.00190,Bth:0.00191):0.02926,
Bwe:0.02652):0.66670,Bce:1.00316):0.15872,Bha:0.51782):0.29569,
Bpu:0.22500):0.01775):0.03517,Bam:0.20119);
